 1 1 3.40386 0 0
 2 1 3.10958 1.38447 0
 3 1 2.75378 2.00074 1.22802
 4 1 1.70193 2.94783 1.22802
 5 1 1.05185 3.23726 0
 6 1 -0.3558 3.38521 0
 7 1 -1.05185 3.23726 1.22802
 8 1 -2.27763 2.52956 1.22802
 9 1 -2.75378 2.00074 0
 10 1 -3.32948 0.707702 0
 11 1 -3.40386 1.92847e-15 1.22802
 12 1 -3.10958 -1.38447 1.22802
 13 1 -2.75378 -2.00074 0
 14 1 -1.70193 -2.94783 0
 15 1 -1.05185 -3.23726 1.22802
 16 1 0.3558 -3.38521 1.22802
 17 1 1.05185 -3.23726 0
 18 1 2.27763 -2.52956 0
 19 1 2.75378 -2.00074 1.22802
 20 1 3.32948 -0.707702 1.22802
 21 1 3.40386 0 2.45605
 22 1 3.10958 1.38447 2.45605
 23 1 2.75378 2.00074 3.68407
 24 1 1.70193 2.94783 3.68407
 25 1 1.05185 3.23726 2.45605
 26 1 -0.3558 3.38521 2.45605
 27 1 -1.05185 3.23726 3.68407
 28 1 -2.27763 2.52956 3.68407
 29 1 -2.75378 2.00074 2.45605
 30 1 -3.32948 0.707702 2.45605
 31 1 -3.40386 1.92847e-15 3.68407
 32 1 -3.10958 -1.38447 3.68407
 33 1 -2.75378 -2.00074 2.45605
 34 1 -1.70193 -2.94783 2.45605
 35 1 -1.05185 -3.23726 3.68407
 36 1 0.3558 -3.38521 3.68407
 37 1 1.05185 -3.23726 2.45605
 38 1 2.27763 -2.52956 2.45605
 39 1 2.75378 -2.00074 3.68407
 40 1 3.32948 -0.707702 3.68407
 41 1 3.40386 0 4.9121
 42 1 3.10958 1.38447 4.9121
 43 1 2.75378 2.00074 6.14012
 44 1 1.70193 2.94783 6.14012
 45 1 1.05185 3.23726 4.9121
 46 1 -0.3558 3.38521 4.9121
 47 1 -1.05185 3.23726 6.14012
 48 1 -2.27763 2.52956 6.14012
 49 1 -2.75378 2.00074 4.9121
 50 1 -3.32948 0.707702 4.9121
 51 1 -3.40386 1.92847e-15 6.14012
 52 1 -3.10958 -1.38447 6.14012
 53 1 -2.75378 -2.00074 4.9121
 54 1 -1.70193 -2.94783 4.9121
 55 1 -1.05185 -3.23726 6.14012
 56 1 0.3558 -3.38521 6.14012
 57 1 1.05185 -3.23726 4.9121
 58 1 2.27763 -2.52956 4.9121
 59 1 2.75378 -2.00074 6.14012
 60 1 3.32948 -0.707702 6.14012
 61 1 3.40386 0 7.36814
 62 1 3.10958 1.38447 7.36814
 63 1 2.75378 2.00074 8.59617
 64 1 1.70193 2.94783 8.59617
 65 1 1.05185 3.23726 7.36814
 66 1 -0.3558 3.38521 7.36814
 67 1 -1.05185 3.23726 8.59617
 68 1 -2.27763 2.52956 8.59617
 69 1 -2.75378 2.00074 7.36814
 70 1 -3.32948 0.707702 7.36814
 71 1 -3.40386 1.92847e-15 8.59617
 72 1 -3.10958 -1.38447 8.59617
 73 1 -2.75378 -2.00074 7.36814
 74 1 -1.70193 -2.94783 7.36814
 75 1 -1.05185 -3.23726 8.59617
 76 1 0.3558 -3.38521 8.59617
 77 1 1.05185 -3.23726 7.36814
 78 1 2.27763 -2.52956 7.36814
 79 1 2.75378 -2.00074 8.59617
 80 1 3.32948 -0.707702 8.59617
 81 1 3.40386 0 9.82419
 82 1 3.10958 1.38447 9.82419
 83 1 2.75378 2.00074 11.0522
 84 1 1.70193 2.94783 11.0522
 85 1 1.05185 3.23726 9.82419
 86 1 -0.3558 3.38521 9.82419
 87 1 -1.05185 3.23726 11.0522
 88 1 -2.27763 2.52956 11.0522
 89 1 -2.75378 2.00074 9.82419
 90 1 -3.32948 0.707702 9.82419
 91 1 -3.40386 1.92847e-15 11.0522
 92 1 -3.10958 -1.38447 11.0522
 93 1 -2.75378 -2.00074 9.82419
 94 1 -1.70193 -2.94783 9.82419
 95 1 -1.05185 -3.23726 11.0522
 96 1 0.3558 -3.38521 11.0522
 97 1 1.05185 -3.23726 9.82419
 98 1 2.27763 -2.52956 9.82419
 99 1 2.75378 -2.00074 11.0522
 100 1 3.32948 -0.707702 11.0522
 101 1 3.40386 0 12.2802
 102 1 3.10958 1.38447 12.2802
 103 1 2.75378 2.00074 13.5083
 104 1 1.70193 2.94783 13.5083
 105 1 1.05185 3.23726 12.2802
 106 1 -0.3558 3.38521 12.2802
 107 1 -1.05185 3.23726 13.5083
 108 1 -2.27763 2.52956 13.5083
 109 1 -2.75378 2.00074 12.2802
 110 1 -3.32948 0.707702 12.2802
 111 1 -3.40386 1.92847e-15 13.5083
 112 1 -3.10958 -1.38447 13.5083
 113 1 -2.75378 -2.00074 12.2802
 114 1 -1.70193 -2.94783 12.2802
 115 1 -1.05185 -3.23726 13.5083
 116 1 0.3558 -3.38521 13.5083
 117 1 1.05185 -3.23726 12.2802
 118 1 2.27763 -2.52956 12.2802
 119 1 2.75378 -2.00074 13.5083
 120 1 3.32948 -0.707702 13.5083
 121 1 3.40386 0 14.7363
 122 1 3.10958 1.38447 14.7363
 123 1 2.75378 2.00074 15.9643
 124 1 1.70193 2.94783 15.9643
 125 1 1.05185 3.23726 14.7363
 126 1 -0.3558 3.38521 14.7363
 127 1 -1.05185 3.23726 15.9643
 128 1 -2.27763 2.52956 15.9643
 129 1 -2.75378 2.00074 14.7363
 130 1 -3.32948 0.707702 14.7363
 131 1 -3.40386 1.92847e-15 15.9643
 132 1 -3.10958 -1.38447 15.9643
 133 1 -2.75378 -2.00074 14.7363
 134 1 -1.70193 -2.94783 14.7363
 135 1 -1.05185 -3.23726 15.9643
 136 1 0.3558 -3.38521 15.9643
 137 1 1.05185 -3.23726 14.7363
 138 1 2.27763 -2.52956 14.7363
 139 1 2.75378 -2.00074 15.9643
 140 1 3.32948 -0.707702 15.9643
 141 1 3.40386 0 17.1923
 142 1 3.10958 1.38447 17.1923
 143 1 2.75378 2.00074 18.4204
 144 1 1.70193 2.94783 18.4204
 145 1 1.05185 3.23726 17.1923
 146 1 -0.3558 3.38521 17.1923
 147 1 -1.05185 3.23726 18.4204
 148 1 -2.27763 2.52956 18.4204
 149 1 -2.75378 2.00074 17.1923
 150 1 -3.32948 0.707702 17.1923
 151 1 -3.40386 1.92847e-15 18.4204
 152 1 -3.10958 -1.38447 18.4204
 153 1 -2.75378 -2.00074 17.1923
 154 1 -1.70193 -2.94783 17.1923
 155 1 -1.05185 -3.23726 18.4204
 156 1 0.3558 -3.38521 18.4204
 157 1 1.05185 -3.23726 17.1923
 158 1 2.27763 -2.52956 17.1923
 159 1 2.75378 -2.00074 18.4204
 160 1 3.32948 -0.707702 18.4204
 161 1 3.40386 0 19.6484
 162 1 3.10958 1.38447 19.6484
 163 1 2.75378 2.00074 20.8764
 164 1 1.70193 2.94783 20.8764
 165 1 1.05185 3.23726 19.6484
 166 1 -0.3558 3.38521 19.6484
 167 1 -1.05185 3.23726 20.8764
 168 1 -2.27763 2.52956 20.8764
 169 1 -2.75378 2.00074 19.6484
 170 1 -3.32948 0.707702 19.6484
 171 1 -3.40386 1.92847e-15 20.8764
 172 1 -3.10958 -1.38447 20.8764
 173 1 -2.75378 -2.00074 19.6484
 174 1 -1.70193 -2.94783 19.6484
 175 1 -1.05185 -3.23726 20.8764
 176 1 0.3558 -3.38521 20.8764
 177 1 1.05185 -3.23726 19.6484
 178 1 2.27763 -2.52956 19.6484
 179 1 2.75378 -2.00074 20.8764
 180 1 3.32948 -0.707702 20.8764
 181 1 3.40386 0 22.1044
 182 1 3.10958 1.38447 22.1044
 183 1 2.75378 2.00074 23.3325
 184 1 1.70193 2.94783 23.3325
 185 1 1.05185 3.23726 22.1044
 186 1 -0.3558 3.38521 22.1044
 187 1 -1.05185 3.23726 23.3325
 188 1 -2.27763 2.52956 23.3325
 189 1 -2.75378 2.00074 22.1044
 190 1 -3.32948 0.707702 22.1044
 191 1 -3.40386 1.92847e-15 23.3325
 192 1 -3.10958 -1.38447 23.3325
 193 1 -2.75378 -2.00074 22.1044
 194 1 -1.70193 -2.94783 22.1044
 195 1 -1.05185 -3.23726 23.3325
 196 1 0.3558 -3.38521 23.3325
 197 1 1.05185 -3.23726 22.1044
 198 1 2.27763 -2.52956 22.1044
 199 1 2.75378 -2.00074 23.3325
 200 1 3.32948 -0.707702 23.3325
 201 1 3.40386 0 24.5605
 202 1 3.10958 1.38447 24.5605
 203 1 2.75378 2.00074 25.7885
 204 1 1.70193 2.94783 25.7885
 205 1 1.05185 3.23726 24.5605
 206 1 -0.3558 3.38521 24.5605
 207 1 -1.05185 3.23726 25.7885
 208 1 -2.27763 2.52956 25.7885
 209 1 -2.75378 2.00074 24.5605
 210 1 -3.32948 0.707702 24.5605
 211 1 -3.40386 1.92847e-15 25.7885
 212 1 -3.10958 -1.38447 25.7885
 213 1 -2.75378 -2.00074 24.5605
 214 1 -1.70193 -2.94783 24.5605
 215 1 -1.05185 -3.23726 25.7885
 216 1 0.3558 -3.38521 25.7885
 217 1 1.05185 -3.23726 24.5605
 218 1 2.27763 -2.52956 24.5605
 219 1 2.75378 -2.00074 25.7885
 220 1 3.32948 -0.707702 25.7885
 221 1 3.40386 0 27.0165
 222 1 3.10958 1.38447 27.0165
 223 1 2.75378 2.00074 28.2446
 224 1 1.70193 2.94783 28.2446
 225 1 1.05185 3.23726 27.0165
 226 1 -0.3558 3.38521 27.0165
 227 1 -1.05185 3.23726 28.2446
 228 1 -2.27763 2.52956 28.2446
 229 1 -2.75378 2.00074 27.0165
 230 1 -3.32948 0.707702 27.0165
 231 1 -3.40386 1.92847e-15 28.2446
 232 1 -3.10958 -1.38447 28.2446
 233 1 -2.75378 -2.00074 27.0165
 234 1 -1.70193 -2.94783 27.0165
 235 1 -1.05185 -3.23726 28.2446
 236 1 0.3558 -3.38521 28.2446
 237 1 1.05185 -3.23726 27.0165
 238 1 2.27763 -2.52956 27.0165
 239 1 2.75378 -2.00074 28.2446
 240 1 3.32948 -0.707702 28.2446
 241 1 3.40386 0 29.4726
 242 1 3.10958 1.38447 29.4726
 243 1 2.75378 2.00074 30.7006
 244 1 1.70193 2.94783 30.7006
 245 1 1.05185 3.23726 29.4726
 246 1 -0.3558 3.38521 29.4726
 247 1 -1.05185 3.23726 30.7006
 248 1 -2.27763 2.52956 30.7006
 249 1 -2.75378 2.00074 29.4726
 250 1 -3.32948 0.707702 29.4726
 251 1 -3.40386 1.92847e-15 30.7006
 252 1 -3.10958 -1.38447 30.7006
 253 1 -2.75378 -2.00074 29.4726
 254 1 -1.70193 -2.94783 29.4726
 255 1 -1.05185 -3.23726 30.7006
 256 1 0.3558 -3.38521 30.7006
 257 1 1.05185 -3.23726 29.4726
 258 1 2.27763 -2.52956 29.4726
 259 1 2.75378 -2.00074 30.7006
 260 1 3.32948 -0.707702 30.7006
 261 1 3.40386 0 31.9286
 262 1 3.10958 1.38447 31.9286
 263 1 2.75378 2.00074 33.1566
 264 1 1.70193 2.94783 33.1566
 265 1 1.05185 3.23726 31.9286
 266 1 -0.3558 3.38521 31.9286
 267 1 -1.05185 3.23726 33.1566
 268 1 -2.27763 2.52956 33.1566
 269 1 -2.75378 2.00074 31.9286
 270 1 -3.32948 0.707702 31.9286
 271 1 -3.40386 1.92847e-15 33.1566
 272 1 -3.10958 -1.38447 33.1566
 273 1 -2.75378 -2.00074 31.9286
 274 1 -1.70193 -2.94783 31.9286
 275 1 -1.05185 -3.23726 33.1566
 276 1 0.3558 -3.38521 33.1566
 277 1 1.05185 -3.23726 31.9286
 278 1 2.27763 -2.52956 31.9286
 279 1 2.75378 -2.00074 33.1566
 280 1 3.32948 -0.707702 33.1566
 281 1 3.40386 0 34.3847
 282 1 3.10958 1.38447 34.3847
 283 1 2.75378 2.00074 35.6127
 284 1 1.70193 2.94783 35.6127
 285 1 1.05185 3.23726 34.3847
 286 1 -0.3558 3.38521 34.3847
 287 1 -1.05185 3.23726 35.6127
 288 1 -2.27763 2.52956 35.6127
 289 1 -2.75378 2.00074 34.3847
 290 1 -3.32948 0.707702 34.3847
 291 1 -3.40386 1.92847e-15 35.6127
 292 1 -3.10958 -1.38447 35.6127
 293 1 -2.75378 -2.00074 34.3847
 294 1 -1.70193 -2.94783 34.3847
 295 1 -1.05185 -3.23726 35.6127
 296 1 0.3558 -3.38521 35.6127
 297 1 1.05185 -3.23726 34.3847
 298 1 2.27763 -2.52956 34.3847
 299 1 2.75378 -2.00074 35.6127
 300 1 3.32948 -0.707702 35.6127
 301 1 3.40386 0 36.8407
 302 1 3.10958 1.38447 36.8407
 303 1 2.75378 2.00074 38.0687
 304 1 1.70193 2.94783 38.0687
 305 1 1.05185 3.23726 36.8407
 306 1 -0.3558 3.38521 36.8407
 307 1 -1.05185 3.23726 38.0687
 308 1 -2.27763 2.52956 38.0687
 309 1 -2.75378 2.00074 36.8407
 310 1 -3.32948 0.707702 36.8407
 311 1 -3.40386 1.92847e-15 38.0687
 312 1 -3.10958 -1.38447 38.0687
 313 1 -2.75378 -2.00074 36.8407
 314 1 -1.70193 -2.94783 36.8407
 315 1 -1.05185 -3.23726 38.0687
 316 1 0.3558 -3.38521 38.0687
 317 1 1.05185 -3.23726 36.8407
 318 1 2.27763 -2.52956 36.8407
 319 1 2.75378 -2.00074 38.0687
 320 1 3.32948 -0.707702 38.0687
 321 1 3.40386 0 39.2968
 322 1 3.10958 1.38447 39.2968
 323 1 2.75378 2.00074 40.5248
 324 1 1.70193 2.94783 40.5248
 325 1 1.05185 3.23726 39.2968
 326 1 -0.3558 3.38521 39.2968
 327 1 -1.05185 3.23726 40.5248
 328 1 -2.27763 2.52956 40.5248
 329 1 -2.75378 2.00074 39.2968
 330 1 -3.32948 0.707702 39.2968
 331 1 -3.40386 1.92847e-15 40.5248
 332 1 -3.10958 -1.38447 40.5248
 333 1 -2.75378 -2.00074 39.2968
 334 1 -1.70193 -2.94783 39.2968
 335 1 -1.05185 -3.23726 40.5248
 336 1 0.3558 -3.38521 40.5248
 337 1 1.05185 -3.23726 39.2968
 338 1 2.27763 -2.52956 39.2968
 339 1 2.75378 -2.00074 40.5248
 340 1 3.32948 -0.707702 40.5248
 341 1 3.40386 0 41.7528
 342 1 3.10958 1.38447 41.7528
 343 1 2.75378 2.00074 42.9808
 344 1 1.70193 2.94783 42.9808
 345 1 1.05185 3.23726 41.7528
 346 1 -0.3558 3.38521 41.7528
 347 1 -1.05185 3.23726 42.9808
 348 1 -2.27763 2.52956 42.9808
 349 1 -2.75378 2.00074 41.7528
 350 1 -3.32948 0.707702 41.7528
 351 1 -3.40386 1.92847e-15 42.9808
 352 1 -3.10958 -1.38447 42.9808
 353 1 -2.75378 -2.00074 41.7528
 354 1 -1.70193 -2.94783 41.7528
 355 1 -1.05185 -3.23726 42.9808
 356 1 0.3558 -3.38521 42.9808
 357 1 1.05185 -3.23726 41.7528
 358 1 2.27763 -2.52956 41.7528
 359 1 2.75378 -2.00074 42.9808
 360 1 3.32948 -0.707702 42.9808
 361 1 3.40386 0 44.2089
 362 1 3.10958 1.38447 44.2089
 363 1 2.75378 2.00074 45.4369
 364 1 1.70193 2.94783 45.4369
 365 1 1.05185 3.23726 44.2089
 366 1 -0.3558 3.38521 44.2089
 367 1 -1.05185 3.23726 45.4369
 368 1 -2.27763 2.52956 45.4369
 369 1 -2.75378 2.00074 44.2089
 370 1 -3.32948 0.707702 44.2089
 371 1 -3.40386 1.92847e-15 45.4369
 372 1 -3.10958 -1.38447 45.4369
 373 1 -2.75378 -2.00074 44.2089
 374 1 -1.70193 -2.94783 44.2089
 375 1 -1.05185 -3.23726 45.4369
 376 1 0.3558 -3.38521 45.4369
 377 1 1.05185 -3.23726 44.2089
 378 1 2.27763 -2.52956 44.2089
 379 1 2.75378 -2.00074 45.4369
 380 1 3.32948 -0.707702 45.4369
